мар. 08, 2023 12:31:43 PM Java.DZ.dz2.dz22 bubble_sort
INFO: операция(1)[54, 99, 77, 95, 65, 35, 21, 97, 99, 89, 98, 77, 91, 45, 27, 63, 81, 2, 20, 49] перемещение (54) to (99)
мар. 08, 2023 12:31:43 PM Java.DZ.dz2.dz22 bubble_sort
INFO: операция(2)[54, 77, 99, 95, 65, 35, 21, 97, 99, 89, 98, 77, 91, 45, 27, 63, 81, 2, 20, 49] перемещение (77) to (99)
мар. 08, 2023 12:31:43 PM Java.DZ.dz2.dz22 bubble_sort
INFO: операция(3)[54, 77, 95, 99, 65, 35, 21, 97, 99, 89, 98, 77, 91, 45, 27, 63, 81, 2, 20, 49] перемещение (95) to (99)
мар. 08, 2023 12:31:43 PM Java.DZ.dz2.dz22 bubble_sort
INFO: операция(4)[54, 77, 95, 65, 99, 35, 21, 97, 99, 89, 98, 77, 91, 45, 27, 63, 81, 2, 20, 49] перемещение (65) to (99)
мар. 08, 2023 12:31:43 PM Java.DZ.dz2.dz22 bubble_sort
INFO: операция(5)[54, 77, 95, 65, 35, 99, 21, 97, 99, 89, 98, 77, 91, 45, 27, 63, 81, 2, 20, 49] перемещение (35) to (99)
мар. 08, 2023 12:31:43 PM Java.DZ.dz2.dz22 bubble_sort
INFO: операция(6)[54, 77, 95, 65, 35, 21, 99, 97, 99, 89, 98, 77, 91, 45, 27, 63, 81, 2, 20, 49] перемещение (21) to (99)
мар. 08, 2023 12:31:43 PM Java.DZ.dz2.dz22 bubble_sort
INFO: операция(7)[54, 77, 95, 65, 35, 21, 97, 99, 99, 89, 98, 77, 91, 45, 27, 63, 81, 2, 20, 49] перемещение (97) to (99)
мар. 08, 2023 12:31:43 PM Java.DZ.dz2.dz22 bubble_sort
INFO: операция(8)[54, 77, 95, 65, 35, 21, 97, 99, 89, 99, 98, 77, 91, 45, 27, 63, 81, 2, 20, 49] перемещение (89) to (99)
мар. 08, 2023 12:31:43 PM Java.DZ.dz2.dz22 bubble_sort
INFO: операция(9)[54, 77, 95, 65, 35, 21, 97, 99, 89, 98, 99, 77, 91, 45, 27, 63, 81, 2, 20, 49] перемещение (98) to (99)
мар. 08, 2023 12:31:43 PM Java.DZ.dz2.dz22 bubble_sort
INFO: операция(10)[54, 77, 95, 65, 35, 21, 97, 99, 89, 98, 77, 99, 91, 45, 27, 63, 81, 2, 20, 49] перемещение (77) to (99)
мар. 08, 2023 12:31:43 PM Java.DZ.dz2.dz22 bubble_sort
INFO: операция(11)[54, 77, 95, 65, 35, 21, 97, 99, 89, 98, 77, 91, 99, 45, 27, 63, 81, 2, 20, 49] перемещение (91) to (99)
мар. 08, 2023 12:31:43 PM Java.DZ.dz2.dz22 bubble_sort
INFO: операция(12)[54, 77, 95, 65, 35, 21, 97, 99, 89, 98, 77, 91, 45, 99, 27, 63, 81, 2, 20, 49] перемещение (45) to (99)
мар. 08, 2023 12:31:43 PM Java.DZ.dz2.dz22 bubble_sort
INFO: операция(13)[54, 77, 95, 65, 35, 21, 97, 99, 89, 98, 77, 91, 45, 27, 99, 63, 81, 2, 20, 49] перемещение (27) to (99)
мар. 08, 2023 12:31:43 PM Java.DZ.dz2.dz22 bubble_sort
INFO: операция(14)[54, 77, 95, 65, 35, 21, 97, 99, 89, 98, 77, 91, 45, 27, 63, 99, 81, 2, 20, 49] перемещение (63) to (99)
мар. 08, 2023 12:31:43 PM Java.DZ.dz2.dz22 bubble_sort
INFO: операция(15)[54, 77, 95, 65, 35, 21, 97, 99, 89, 98, 77, 91, 45, 27, 63, 81, 99, 2, 20, 49] перемещение (81) to (99)
мар. 08, 2023 12:31:43 PM Java.DZ.dz2.dz22 bubble_sort
INFO: операция(16)[54, 77, 95, 65, 35, 21, 97, 99, 89, 98, 77, 91, 45, 27, 63, 81, 2, 99, 20, 49] перемещение (2) to (99)
мар. 08, 2023 12:31:43 PM Java.DZ.dz2.dz22 bubble_sort
INFO: операция(17)[54, 77, 95, 65, 35, 21, 97, 99, 89, 98, 77, 91, 45, 27, 63, 81, 2, 20, 99, 49] перемещение (20) to (99)
мар. 08, 2023 12:31:43 PM Java.DZ.dz2.dz22 bubble_sort
INFO: операция(18)[54, 77, 95, 65, 35, 21, 97, 99, 89, 98, 77, 91, 45, 27, 63, 81, 2, 20, 49, 99] перемещение (49) to (99)
мар. 08, 2023 12:31:43 PM Java.DZ.dz2.dz22 bubble_sort
INFO: операция(19)[54, 77, 65, 95, 35, 21, 97, 99, 89, 98, 77, 91, 45, 27, 63, 81, 2, 20, 49, 99] перемещение (65) to (95)
мар. 08, 2023 12:31:43 PM Java.DZ.dz2.dz22 bubble_sort
INFO: операция(20)[54, 77, 65, 35, 95, 21, 97, 99, 89, 98, 77, 91, 45, 27, 63, 81, 2, 20, 49, 99] перемещение (35) to (95)
мар. 08, 2023 12:31:43 PM Java.DZ.dz2.dz22 bubble_sort
INFO: операция(21)[54, 77, 65, 35, 21, 95, 97, 99, 89, 98, 77, 91, 45, 27, 63, 81, 2, 20, 49, 99] перемещение (21) to (95)
мар. 08, 2023 12:31:43 PM Java.DZ.dz2.dz22 bubble_sort
INFO: операция(22)[54, 77, 65, 35, 21, 95, 97, 89, 99, 98, 77, 91, 45, 27, 63, 81, 2, 20, 49, 99] перемещение (89) to (99)
мар. 08, 2023 12:31:43 PM Java.DZ.dz2.dz22 bubble_sort
INFO: операция(23)[54, 77, 65, 35, 21, 95, 97, 89, 98, 99, 77, 91, 45, 27, 63, 81, 2, 20, 49, 99] перемещение (98) to (99)
мар. 08, 2023 12:31:43 PM Java.DZ.dz2.dz22 bubble_sort
INFO: операция(24)[54, 77, 65, 35, 21, 95, 97, 89, 98, 77, 99, 91, 45, 27, 63, 81, 2, 20, 49, 99] перемещение (77) to (99)
мар. 08, 2023 12:31:43 PM Java.DZ.dz2.dz22 bubble_sort
INFO: операция(25)[54, 77, 65, 35, 21, 95, 97, 89, 98, 77, 91, 99, 45, 27, 63, 81, 2, 20, 49, 99] перемещение (91) to (99)
мар. 08, 2023 12:31:43 PM Java.DZ.dz2.dz22 bubble_sort
INFO: операция(26)[54, 77, 65, 35, 21, 95, 97, 89, 98, 77, 91, 45, 99, 27, 63, 81, 2, 20, 49, 99] перемещение (45) to (99)
мар. 08, 2023 12:31:43 PM Java.DZ.dz2.dz22 bubble_sort
INFO: операция(27)[54, 77, 65, 35, 21, 95, 97, 89, 98, 77, 91, 45, 27, 99, 63, 81, 2, 20, 49, 99] перемещение (27) to (99)
мар. 08, 2023 12:31:43 PM Java.DZ.dz2.dz22 bubble_sort
INFO: операция(28)[54, 77, 65, 35, 21, 95, 97, 89, 98, 77, 91, 45, 27, 63, 99, 81, 2, 20, 49, 99] перемещение (63) to (99)
мар. 08, 2023 12:31:43 PM Java.DZ.dz2.dz22 bubble_sort
INFO: операция(29)[54, 77, 65, 35, 21, 95, 97, 89, 98, 77, 91, 45, 27, 63, 81, 99, 2, 20, 49, 99] перемещение (81) to (99)
мар. 08, 2023 12:31:43 PM Java.DZ.dz2.dz22 bubble_sort
INFO: операция(30)[54, 77, 65, 35, 21, 95, 97, 89, 98, 77, 91, 45, 27, 63, 81, 2, 99, 20, 49, 99] перемещение (2) to (99)
мар. 08, 2023 12:31:43 PM Java.DZ.dz2.dz22 bubble_sort
INFO: операция(31)[54, 77, 65, 35, 21, 95, 97, 89, 98, 77, 91, 45, 27, 63, 81, 2, 20, 99, 49, 99] перемещение (20) to (99)
мар. 08, 2023 12:31:43 PM Java.DZ.dz2.dz22 bubble_sort
INFO: операция(32)[54, 77, 65, 35, 21, 95, 97, 89, 98, 77, 91, 45, 27, 63, 81, 2, 20, 49, 99, 99] перемещение (49) to (99)
мар. 08, 2023 12:31:43 PM Java.DZ.dz2.dz22 bubble_sort
INFO: операция(33)[54, 65, 77, 35, 21, 95, 97, 89, 98, 77, 91, 45, 27, 63, 81, 2, 20, 49, 99, 99] перемещение (65) to (77)
мар. 08, 2023 12:31:43 PM Java.DZ.dz2.dz22 bubble_sort
INFO: операция(34)[54, 65, 35, 77, 21, 95, 97, 89, 98, 77, 91, 45, 27, 63, 81, 2, 20, 49, 99, 99] перемещение (35) to (77)
мар. 08, 2023 12:31:43 PM Java.DZ.dz2.dz22 bubble_sort
INFO: операция(35)[54, 65, 35, 21, 77, 95, 97, 89, 98, 77, 91, 45, 27, 63, 81, 2, 20, 49, 99, 99] перемещение (21) to (77)
мар. 08, 2023 12:31:43 PM Java.DZ.dz2.dz22 bubble_sort
INFO: операция(36)[54, 65, 35, 21, 77, 95, 89, 97, 98, 77, 91, 45, 27, 63, 81, 2, 20, 49, 99, 99] перемещение (89) to (97)
мар. 08, 2023 12:31:43 PM Java.DZ.dz2.dz22 bubble_sort
INFO: операция(37)[54, 65, 35, 21, 77, 95, 89, 97, 77, 98, 91, 45, 27, 63, 81, 2, 20, 49, 99, 99] перемещение (77) to (98)
мар. 08, 2023 12:31:43 PM Java.DZ.dz2.dz22 bubble_sort
INFO: операция(38)[54, 65, 35, 21, 77, 95, 89, 97, 77, 91, 98, 45, 27, 63, 81, 2, 20, 49, 99, 99] перемещение (91) to (98)
мар. 08, 2023 12:31:43 PM Java.DZ.dz2.dz22 bubble_sort
INFO: операция(39)[54, 65, 35, 21, 77, 95, 89, 97, 77, 91, 45, 98, 27, 63, 81, 2, 20, 49, 99, 99] перемещение (45) to (98)
мар. 08, 2023 12:31:43 PM Java.DZ.dz2.dz22 bubble_sort
INFO: операция(40)[54, 65, 35, 21, 77, 95, 89, 97, 77, 91, 45, 27, 98, 63, 81, 2, 20, 49, 99, 99] перемещение (27) to (98)
мар. 08, 2023 12:31:43 PM Java.DZ.dz2.dz22 bubble_sort
INFO: операция(41)[54, 65, 35, 21, 77, 95, 89, 97, 77, 91, 45, 27, 63, 98, 81, 2, 20, 49, 99, 99] перемещение (63) to (98)
мар. 08, 2023 12:31:43 PM Java.DZ.dz2.dz22 bubble_sort
INFO: операция(42)[54, 65, 35, 21, 77, 95, 89, 97, 77, 91, 45, 27, 63, 81, 98, 2, 20, 49, 99, 99] перемещение (81) to (98)
мар. 08, 2023 12:31:43 PM Java.DZ.dz2.dz22 bubble_sort
INFO: операция(43)[54, 65, 35, 21, 77, 95, 89, 97, 77, 91, 45, 27, 63, 81, 2, 98, 20, 49, 99, 99] перемещение (2) to (98)
мар. 08, 2023 12:31:43 PM Java.DZ.dz2.dz22 bubble_sort
INFO: операция(44)[54, 65, 35, 21, 77, 95, 89, 97, 77, 91, 45, 27, 63, 81, 2, 20, 98, 49, 99, 99] перемещение (20) to (98)
мар. 08, 2023 12:31:43 PM Java.DZ.dz2.dz22 bubble_sort
INFO: операция(45)[54, 65, 35, 21, 77, 95, 89, 97, 77, 91, 45, 27, 63, 81, 2, 20, 49, 98, 99, 99] перемещение (49) to (98)
мар. 08, 2023 12:31:43 PM Java.DZ.dz2.dz22 bubble_sort
INFO: операция(46)[54, 35, 65, 21, 77, 95, 89, 97, 77, 91, 45, 27, 63, 81, 2, 20, 49, 98, 99, 99] перемещение (35) to (65)
мар. 08, 2023 12:31:43 PM Java.DZ.dz2.dz22 bubble_sort
INFO: операция(47)[54, 35, 21, 65, 77, 95, 89, 97, 77, 91, 45, 27, 63, 81, 2, 20, 49, 98, 99, 99] перемещение (21) to (65)
мар. 08, 2023 12:31:43 PM Java.DZ.dz2.dz22 bubble_sort
INFO: операция(48)[54, 35, 21, 65, 77, 89, 95, 97, 77, 91, 45, 27, 63, 81, 2, 20, 49, 98, 99, 99] перемещение (89) to (95)
мар. 08, 2023 12:31:43 PM Java.DZ.dz2.dz22 bubble_sort
INFO: операция(49)[54, 35, 21, 65, 77, 89, 95, 77, 97, 91, 45, 27, 63, 81, 2, 20, 49, 98, 99, 99] перемещение (77) to (97)
мар. 08, 2023 12:31:43 PM Java.DZ.dz2.dz22 bubble_sort
INFO: операция(50)[54, 35, 21, 65, 77, 89, 95, 77, 91, 97, 45, 27, 63, 81, 2, 20, 49, 98, 99, 99] перемещение (91) to (97)
мар. 08, 2023 12:31:43 PM Java.DZ.dz2.dz22 bubble_sort
INFO: операция(51)[54, 35, 21, 65, 77, 89, 95, 77, 91, 45, 97, 27, 63, 81, 2, 20, 49, 98, 99, 99] перемещение (45) to (97)
мар. 08, 2023 12:31:43 PM Java.DZ.dz2.dz22 bubble_sort
INFO: операция(52)[54, 35, 21, 65, 77, 89, 95, 77, 91, 45, 27, 97, 63, 81, 2, 20, 49, 98, 99, 99] перемещение (27) to (97)
мар. 08, 2023 12:31:43 PM Java.DZ.dz2.dz22 bubble_sort
INFO: операция(53)[54, 35, 21, 65, 77, 89, 95, 77, 91, 45, 27, 63, 97, 81, 2, 20, 49, 98, 99, 99] перемещение (63) to (97)
мар. 08, 2023 12:31:43 PM Java.DZ.dz2.dz22 bubble_sort
INFO: операция(54)[54, 35, 21, 65, 77, 89, 95, 77, 91, 45, 27, 63, 81, 97, 2, 20, 49, 98, 99, 99] перемещение (81) to (97)
мар. 08, 2023 12:31:43 PM Java.DZ.dz2.dz22 bubble_sort
INFO: операция(55)[54, 35, 21, 65, 77, 89, 95, 77, 91, 45, 27, 63, 81, 2, 97, 20, 49, 98, 99, 99] перемещение (2) to (97)
мар. 08, 2023 12:31:43 PM Java.DZ.dz2.dz22 bubble_sort
INFO: операция(56)[54, 35, 21, 65, 77, 89, 95, 77, 91, 45, 27, 63, 81, 2, 20, 97, 49, 98, 99, 99] перемещение (20) to (97)
мар. 08, 2023 12:31:43 PM Java.DZ.dz2.dz22 bubble_sort
INFO: операция(57)[54, 35, 21, 65, 77, 89, 95, 77, 91, 45, 27, 63, 81, 2, 20, 49, 97, 98, 99, 99] перемещение (49) to (97)
мар. 08, 2023 12:31:43 PM Java.DZ.dz2.dz22 bubble_sort
INFO: операция(58)[35, 54, 21, 65, 77, 89, 95, 77, 91, 45, 27, 63, 81, 2, 20, 49, 97, 98, 99, 99] перемещение (35) to (54)
мар. 08, 2023 12:31:43 PM Java.DZ.dz2.dz22 bubble_sort
INFO: операция(59)[35, 21, 54, 65, 77, 89, 95, 77, 91, 45, 27, 63, 81, 2, 20, 49, 97, 98, 99, 99] перемещение (21) to (54)
мар. 08, 2023 12:31:43 PM Java.DZ.dz2.dz22 bubble_sort
INFO: операция(60)[35, 21, 54, 65, 77, 89, 77, 95, 91, 45, 27, 63, 81, 2, 20, 49, 97, 98, 99, 99] перемещение (77) to (95)
мар. 08, 2023 12:31:43 PM Java.DZ.dz2.dz22 bubble_sort
INFO: операция(61)[35, 21, 54, 65, 77, 89, 77, 91, 95, 45, 27, 63, 81, 2, 20, 49, 97, 98, 99, 99] перемещение (91) to (95)
мар. 08, 2023 12:31:43 PM Java.DZ.dz2.dz22 bubble_sort
INFO: операция(62)[35, 21, 54, 65, 77, 89, 77, 91, 45, 95, 27, 63, 81, 2, 20, 49, 97, 98, 99, 99] перемещение (45) to (95)
мар. 08, 2023 12:31:43 PM Java.DZ.dz2.dz22 bubble_sort
INFO: операция(63)[35, 21, 54, 65, 77, 89, 77, 91, 45, 27, 95, 63, 81, 2, 20, 49, 97, 98, 99, 99] перемещение (27) to (95)
мар. 08, 2023 12:31:43 PM Java.DZ.dz2.dz22 bubble_sort
INFO: операция(64)[35, 21, 54, 65, 77, 89, 77, 91, 45, 27, 63, 95, 81, 2, 20, 49, 97, 98, 99, 99] перемещение (63) to (95)
мар. 08, 2023 12:31:43 PM Java.DZ.dz2.dz22 bubble_sort
INFO: операция(65)[35, 21, 54, 65, 77, 89, 77, 91, 45, 27, 63, 81, 95, 2, 20, 49, 97, 98, 99, 99] перемещение (81) to (95)
мар. 08, 2023 12:31:43 PM Java.DZ.dz2.dz22 bubble_sort
INFO: операция(66)[35, 21, 54, 65, 77, 89, 77, 91, 45, 27, 63, 81, 2, 95, 20, 49, 97, 98, 99, 99] перемещение (2) to (95)
мар. 08, 2023 12:31:43 PM Java.DZ.dz2.dz22 bubble_sort
INFO: операция(67)[35, 21, 54, 65, 77, 89, 77, 91, 45, 27, 63, 81, 2, 20, 95, 49, 97, 98, 99, 99] перемещение (20) to (95)
мар. 08, 2023 12:31:43 PM Java.DZ.dz2.dz22 bubble_sort
INFO: операция(68)[35, 21, 54, 65, 77, 89, 77, 91, 45, 27, 63, 81, 2, 20, 49, 95, 97, 98, 99, 99] перемещение (49) to (95)
мар. 08, 2023 12:31:43 PM Java.DZ.dz2.dz22 bubble_sort
INFO: операция(69)[21, 35, 54, 65, 77, 89, 77, 91, 45, 27, 63, 81, 2, 20, 49, 95, 97, 98, 99, 99] перемещение (21) to (35)
мар. 08, 2023 12:31:43 PM Java.DZ.dz2.dz22 bubble_sort
INFO: операция(70)[21, 35, 54, 65, 77, 77, 89, 91, 45, 27, 63, 81, 2, 20, 49, 95, 97, 98, 99, 99] перемещение (77) to (89)
мар. 08, 2023 12:31:43 PM Java.DZ.dz2.dz22 bubble_sort
INFO: операция(71)[21, 35, 54, 65, 77, 77, 89, 45, 91, 27, 63, 81, 2, 20, 49, 95, 97, 98, 99, 99] перемещение (45) to (91)
мар. 08, 2023 12:31:43 PM Java.DZ.dz2.dz22 bubble_sort
INFO: операция(72)[21, 35, 54, 65, 77, 77, 89, 45, 27, 91, 63, 81, 2, 20, 49, 95, 97, 98, 99, 99] перемещение (27) to (91)
мар. 08, 2023 12:31:43 PM Java.DZ.dz2.dz22 bubble_sort
INFO: операция(73)[21, 35, 54, 65, 77, 77, 89, 45, 27, 63, 91, 81, 2, 20, 49, 95, 97, 98, 99, 99] перемещение (63) to (91)
мар. 08, 2023 12:31:43 PM Java.DZ.dz2.dz22 bubble_sort
INFO: операция(74)[21, 35, 54, 65, 77, 77, 89, 45, 27, 63, 81, 91, 2, 20, 49, 95, 97, 98, 99, 99] перемещение (81) to (91)
мар. 08, 2023 12:31:43 PM Java.DZ.dz2.dz22 bubble_sort
INFO: операция(75)[21, 35, 54, 65, 77, 77, 89, 45, 27, 63, 81, 2, 91, 20, 49, 95, 97, 98, 99, 99] перемещение (2) to (91)
мар. 08, 2023 12:31:43 PM Java.DZ.dz2.dz22 bubble_sort
INFO: операция(76)[21, 35, 54, 65, 77, 77, 89, 45, 27, 63, 81, 2, 20, 91, 49, 95, 97, 98, 99, 99] перемещение (20) to (91)
мар. 08, 2023 12:31:43 PM Java.DZ.dz2.dz22 bubble_sort
INFO: операция(77)[21, 35, 54, 65, 77, 77, 89, 45, 27, 63, 81, 2, 20, 49, 91, 95, 97, 98, 99, 99] перемещение (49) to (91)
мар. 08, 2023 12:31:43 PM Java.DZ.dz2.dz22 bubble_sort
INFO: операция(78)[21, 35, 54, 65, 77, 77, 45, 89, 27, 63, 81, 2, 20, 49, 91, 95, 97, 98, 99, 99] перемещение (45) to (89)
мар. 08, 2023 12:31:43 PM Java.DZ.dz2.dz22 bubble_sort
INFO: операция(79)[21, 35, 54, 65, 77, 77, 45, 27, 89, 63, 81, 2, 20, 49, 91, 95, 97, 98, 99, 99] перемещение (27) to (89)
мар. 08, 2023 12:31:43 PM Java.DZ.dz2.dz22 bubble_sort
INFO: операция(80)[21, 35, 54, 65, 77, 77, 45, 27, 63, 89, 81, 2, 20, 49, 91, 95, 97, 98, 99, 99] перемещение (63) to (89)
мар. 08, 2023 12:31:43 PM Java.DZ.dz2.dz22 bubble_sort
INFO: операция(81)[21, 35, 54, 65, 77, 77, 45, 27, 63, 81, 89, 2, 20, 49, 91, 95, 97, 98, 99, 99] перемещение (81) to (89)
мар. 08, 2023 12:31:43 PM Java.DZ.dz2.dz22 bubble_sort
INFO: операция(82)[21, 35, 54, 65, 77, 77, 45, 27, 63, 81, 2, 89, 20, 49, 91, 95, 97, 98, 99, 99] перемещение (2) to (89)
мар. 08, 2023 12:31:43 PM Java.DZ.dz2.dz22 bubble_sort
INFO: операция(83)[21, 35, 54, 65, 77, 77, 45, 27, 63, 81, 2, 20, 89, 49, 91, 95, 97, 98, 99, 99] перемещение (20) to (89)
мар. 08, 2023 12:31:43 PM Java.DZ.dz2.dz22 bubble_sort
INFO: операция(84)[21, 35, 54, 65, 77, 77, 45, 27, 63, 81, 2, 20, 49, 89, 91, 95, 97, 98, 99, 99] перемещение (49) to (89)
мар. 08, 2023 12:31:43 PM Java.DZ.dz2.dz22 bubble_sort
INFO: операция(85)[21, 35, 54, 65, 77, 45, 77, 27, 63, 81, 2, 20, 49, 89, 91, 95, 97, 98, 99, 99] перемещение (45) to (77)
мар. 08, 2023 12:31:43 PM Java.DZ.dz2.dz22 bubble_sort
INFO: операция(86)[21, 35, 54, 65, 77, 45, 27, 77, 63, 81, 2, 20, 49, 89, 91, 95, 97, 98, 99, 99] перемещение (27) to (77)
мар. 08, 2023 12:31:43 PM Java.DZ.dz2.dz22 bubble_sort
INFO: операция(87)[21, 35, 54, 65, 77, 45, 27, 63, 77, 81, 2, 20, 49, 89, 91, 95, 97, 98, 99, 99] перемещение (63) to (77)
мар. 08, 2023 12:31:43 PM Java.DZ.dz2.dz22 bubble_sort
INFO: операция(88)[21, 35, 54, 65, 77, 45, 27, 63, 77, 2, 81, 20, 49, 89, 91, 95, 97, 98, 99, 99] перемещение (2) to (81)
мар. 08, 2023 12:31:43 PM Java.DZ.dz2.dz22 bubble_sort
INFO: операция(89)[21, 35, 54, 65, 77, 45, 27, 63, 77, 2, 20, 81, 49, 89, 91, 95, 97, 98, 99, 99] перемещение (20) to (81)
мар. 08, 2023 12:31:43 PM Java.DZ.dz2.dz22 bubble_sort
INFO: операция(90)[21, 35, 54, 65, 77, 45, 27, 63, 77, 2, 20, 49, 81, 89, 91, 95, 97, 98, 99, 99] перемещение (49) to (81)
мар. 08, 2023 12:31:43 PM Java.DZ.dz2.dz22 bubble_sort
INFO: операция(91)[21, 35, 54, 65, 45, 77, 27, 63, 77, 2, 20, 49, 81, 89, 91, 95, 97, 98, 99, 99] перемещение (45) to (77)
мар. 08, 2023 12:31:43 PM Java.DZ.dz2.dz22 bubble_sort
INFO: операция(92)[21, 35, 54, 65, 45, 27, 77, 63, 77, 2, 20, 49, 81, 89, 91, 95, 97, 98, 99, 99] перемещение (27) to (77)
мар. 08, 2023 12:31:43 PM Java.DZ.dz2.dz22 bubble_sort
INFO: операция(93)[21, 35, 54, 65, 45, 27, 63, 77, 77, 2, 20, 49, 81, 89, 91, 95, 97, 98, 99, 99] перемещение (63) to (77)
мар. 08, 2023 12:31:43 PM Java.DZ.dz2.dz22 bubble_sort
INFO: операция(94)[21, 35, 54, 65, 45, 27, 63, 77, 2, 77, 20, 49, 81, 89, 91, 95, 97, 98, 99, 99] перемещение (2) to (77)
мар. 08, 2023 12:31:43 PM Java.DZ.dz2.dz22 bubble_sort
INFO: операция(95)[21, 35, 54, 65, 45, 27, 63, 77, 2, 20, 77, 49, 81, 89, 91, 95, 97, 98, 99, 99] перемещение (20) to (77)
мар. 08, 2023 12:31:43 PM Java.DZ.dz2.dz22 bubble_sort
INFO: операция(96)[21, 35, 54, 65, 45, 27, 63, 77, 2, 20, 49, 77, 81, 89, 91, 95, 97, 98, 99, 99] перемещение (49) to (77)
мар. 08, 2023 12:31:43 PM Java.DZ.dz2.dz22 bubble_sort
INFO: операция(97)[21, 35, 54, 45, 65, 27, 63, 77, 2, 20, 49, 77, 81, 89, 91, 95, 97, 98, 99, 99] перемещение (45) to (65)
мар. 08, 2023 12:31:43 PM Java.DZ.dz2.dz22 bubble_sort
INFO: операция(98)[21, 35, 54, 45, 27, 65, 63, 77, 2, 20, 49, 77, 81, 89, 91, 95, 97, 98, 99, 99] перемещение (27) to (65)
мар. 08, 2023 12:31:43 PM Java.DZ.dz2.dz22 bubble_sort
INFO: операция(99)[21, 35, 54, 45, 27, 63, 65, 77, 2, 20, 49, 77, 81, 89, 91, 95, 97, 98, 99, 99] перемещение (63) to (65)
мар. 08, 2023 12:31:43 PM Java.DZ.dz2.dz22 bubble_sort
INFO: операция(100)[21, 35, 54, 45, 27, 63, 65, 2, 77, 20, 49, 77, 81, 89, 91, 95, 97, 98, 99, 99] перемещение (2) to (77)
мар. 08, 2023 12:31:43 PM Java.DZ.dz2.dz22 bubble_sort
INFO: операция(101)[21, 35, 54, 45, 27, 63, 65, 2, 20, 77, 49, 77, 81, 89, 91, 95, 97, 98, 99, 99] перемещение (20) to (77)
мар. 08, 2023 12:31:43 PM Java.DZ.dz2.dz22 bubble_sort
INFO: операция(102)[21, 35, 54, 45, 27, 63, 65, 2, 20, 49, 77, 77, 81, 89, 91, 95, 97, 98, 99, 99] перемещение (49) to (77)
мар. 08, 2023 12:31:43 PM Java.DZ.dz2.dz22 bubble_sort
INFO: операция(103)[21, 35, 45, 54, 27, 63, 65, 2, 20, 49, 77, 77, 81, 89, 91, 95, 97, 98, 99, 99] перемещение (45) to (54)
мар. 08, 2023 12:31:43 PM Java.DZ.dz2.dz22 bubble_sort
INFO: операция(104)[21, 35, 45, 27, 54, 63, 65, 2, 20, 49, 77, 77, 81, 89, 91, 95, 97, 98, 99, 99] перемещение (27) to (54)
мар. 08, 2023 12:31:43 PM Java.DZ.dz2.dz22 bubble_sort
INFO: операция(105)[21, 35, 45, 27, 54, 63, 2, 65, 20, 49, 77, 77, 81, 89, 91, 95, 97, 98, 99, 99] перемещение (2) to (65)
мар. 08, 2023 12:31:43 PM Java.DZ.dz2.dz22 bubble_sort
INFO: операция(106)[21, 35, 45, 27, 54, 63, 2, 20, 65, 49, 77, 77, 81, 89, 91, 95, 97, 98, 99, 99] перемещение (20) to (65)
мар. 08, 2023 12:31:43 PM Java.DZ.dz2.dz22 bubble_sort
INFO: операция(107)[21, 35, 45, 27, 54, 63, 2, 20, 49, 65, 77, 77, 81, 89, 91, 95, 97, 98, 99, 99] перемещение (49) to (65)
мар. 08, 2023 12:31:43 PM Java.DZ.dz2.dz22 bubble_sort
INFO: операция(108)[21, 35, 27, 45, 54, 63, 2, 20, 49, 65, 77, 77, 81, 89, 91, 95, 97, 98, 99, 99] перемещение (27) to (45)
мар. 08, 2023 12:31:43 PM Java.DZ.dz2.dz22 bubble_sort
INFO: операция(109)[21, 35, 27, 45, 54, 2, 63, 20, 49, 65, 77, 77, 81, 89, 91, 95, 97, 98, 99, 99] перемещение (2) to (63)
мар. 08, 2023 12:31:43 PM Java.DZ.dz2.dz22 bubble_sort
INFO: операция(110)[21, 35, 27, 45, 54, 2, 20, 63, 49, 65, 77, 77, 81, 89, 91, 95, 97, 98, 99, 99] перемещение (20) to (63)
мар. 08, 2023 12:31:43 PM Java.DZ.dz2.dz22 bubble_sort
INFO: операция(111)[21, 35, 27, 45, 54, 2, 20, 49, 63, 65, 77, 77, 81, 89, 91, 95, 97, 98, 99, 99] перемещение (49) to (63)
мар. 08, 2023 12:31:43 PM Java.DZ.dz2.dz22 bubble_sort
INFO: операция(112)[21, 27, 35, 45, 54, 2, 20, 49, 63, 65, 77, 77, 81, 89, 91, 95, 97, 98, 99, 99] перемещение (27) to (35)
мар. 08, 2023 12:31:43 PM Java.DZ.dz2.dz22 bubble_sort
INFO: операция(113)[21, 27, 35, 45, 2, 54, 20, 49, 63, 65, 77, 77, 81, 89, 91, 95, 97, 98, 99, 99] перемещение (2) to (54)
мар. 08, 2023 12:31:43 PM Java.DZ.dz2.dz22 bubble_sort
INFO: операция(114)[21, 27, 35, 45, 2, 20, 54, 49, 63, 65, 77, 77, 81, 89, 91, 95, 97, 98, 99, 99] перемещение (20) to (54)
мар. 08, 2023 12:31:43 PM Java.DZ.dz2.dz22 bubble_sort
INFO: операция(115)[21, 27, 35, 45, 2, 20, 49, 54, 63, 65, 77, 77, 81, 89, 91, 95, 97, 98, 99, 99] перемещение (49) to (54)
мар. 08, 2023 12:31:43 PM Java.DZ.dz2.dz22 bubble_sort
INFO: операция(116)[21, 27, 35, 2, 45, 20, 49, 54, 63, 65, 77, 77, 81, 89, 91, 95, 97, 98, 99, 99] перемещение (2) to (45)
мар. 08, 2023 12:31:43 PM Java.DZ.dz2.dz22 bubble_sort
INFO: операция(117)[21, 27, 35, 2, 20, 45, 49, 54, 63, 65, 77, 77, 81, 89, 91, 95, 97, 98, 99, 99] перемещение (20) to (45)
мар. 08, 2023 12:31:43 PM Java.DZ.dz2.dz22 bubble_sort
INFO: операция(118)[21, 27, 2, 35, 20, 45, 49, 54, 63, 65, 77, 77, 81, 89, 91, 95, 97, 98, 99, 99] перемещение (2) to (35)
мар. 08, 2023 12:31:43 PM Java.DZ.dz2.dz22 bubble_sort
INFO: операция(119)[21, 27, 2, 20, 35, 45, 49, 54, 63, 65, 77, 77, 81, 89, 91, 95, 97, 98, 99, 99] перемещение (20) to (35)
мар. 08, 2023 12:31:43 PM Java.DZ.dz2.dz22 bubble_sort
INFO: операция(120)[21, 2, 27, 20, 35, 45, 49, 54, 63, 65, 77, 77, 81, 89, 91, 95, 97, 98, 99, 99] перемещение (2) to (27)
мар. 08, 2023 12:31:43 PM Java.DZ.dz2.dz22 bubble_sort
INFO: операция(121)[21, 2, 20, 27, 35, 45, 49, 54, 63, 65, 77, 77, 81, 89, 91, 95, 97, 98, 99, 99] перемещение (20) to (27)
мар. 08, 2023 12:31:43 PM Java.DZ.dz2.dz22 bubble_sort
INFO: операция(122)[2, 21, 20, 27, 35, 45, 49, 54, 63, 65, 77, 77, 81, 89, 91, 95, 97, 98, 99, 99] перемещение (2) to (21)
мар. 08, 2023 12:31:43 PM Java.DZ.dz2.dz22 bubble_sort
INFO: операция(123)[2, 20, 21, 27, 35, 45, 49, 54, 63, 65, 77, 77, 81, 89, 91, 95, 97, 98, 99, 99] перемещение (20) to (21)
